   20  derice
    1 A       0    2    0    1
    2 C       1    3    0    2
    3 T       2    4    0    3
    4 G       3    5    0    4
    5 A       4    6    0    5
    6 C       5    7    0    6
    7 T       6    8    0    7
    8 A       7    9    0    8
    9 G       8   10    0    9
   10 C       9   11    0   10
   11 T      10   12    0   11
   12 A      11   13    0   12
   13 G      12   14    0   13
   14 C      13   15    0   14
   15 T      14   16    0   15
   16 A      15   17    0   16
   17 A      16   18    0   17
   18 C      17   19    0   18
   19 T      18   20    0   19
   20 G      19    0    0   20
   20  derice
    1 A       0    2    0    1
    2 C       1    3    9    2
    3 T       2    4    8    3
    4 G       3    5    0    4
    5 A       4    6    0    5
    6 C       5    7    0    6
    7 T       6    8    0    7
    8 A       7    9    3    8
    9 G       8   10    2    9
   10 C       9   11    0   10
   11 T      10   12   20   11
   12 A      11   13   19   12
   13 G      12   14   18   13
   14 C      13   15    0   14
   15 T      14   16    0   15
   16 A      15   17    0   16
   17 A      16   18    0   17
   18 C      17   19   13   18
   19 T      18   20   12   19
   20 G      19    0   11   20
